SET DEV DSK
FILE E2C7.SV
E2C7.SV    2326-2330  0003 (0003)  2.245
DUMP OCTAL 2326-2330

2326.00000:   7776  6203  0200  2000  0000  0200  0400  0200
2326.00010:   0600  1000  1473  4000  0401  4074  1052  5005
2326.00020:   0001  0073  1475  4001  0401  4074  1457  6077
2326.00030:   0021  0452  0103  3077  0000  0106  1473  6000
2326.00040:   0021  1462  2057  3477  0077  0076  4032  0021
2326.00050:   4200  0200  4200  0200  0200  0232  0000  0000
2326.00060:   0000  0000  0000  0000  0000  0000  0000  0000
2326.00070:   0000  0000  0000  0000  0000  0000  0000  0000
2326.00100:   0000  0000  0000  0000  0000  0000  0000  0000
2326.00110:   0000  0000  0000  0000  0000  0000  0000  0000
2326.00120:   0000  0000  0000  0000  0000  0000  0000  0000
2326.00130:   0000  0000  0000  0000  0000  0000  0000  0000
2326.00140:   0000  0000  0000  0000  0000  0000  0000  0000
2326.00150:   0000  0000  0000  0000  0000  0000  0000  0000
2326.00160:   0000  0000  0000  0000  0000  0000  0000  0000
2326.00170:   0000  0000  0000  0000  0000  0000  0000  0000
2326.00200:   0000  0000  0000  0000  0000  0000  0000  0000
2326.00210:   0000  0000  0000  0000  0000  0000  0000  0000
2326.00220:   0000  0000  0000  0000  0000  0000  0000  0000
2326.00230:   0000  0000  0000  0000  0000  0000  0000  0000
2326.00240:   0000  0000  0000  0000  0000  0000  0000  0000
2326.00250:   0000  0000  0000  0000  0000  0000  0000  0000
2326.00260:   0000  0000  0000  0000  0000  0000  0000  0000
2326.00270:   0000  0000  0000  0000  0000  0000  0000  0000
2326.00300:   0000  0000  0000  0000  0000  0000  0000  0000
2326.00310:   0000  0000  0000  0000  0000  0000  0000  0000
2326.00320:   0000  0000  0000  0000  0000  0000  0000  0000
2326.00330:   0000  0000  0000  0000  0000  0000  0000  0000
2326.00340:   0000  0000  0000  0000  0000  0000  0000  0000
2326.00350:   0000  0000  0000  0000  0000  0000  0000  0000
2326.00360:   0000  0000  0000  0000  0000  0000  0000  0000
2326.00370:   0000  0000  0000  0000  0000  0000  0000  0000

2327.00000:   0003  6232  5001  7200  1166  3033  4570  7705
2327.00010:   2222  1722  0000  1004  7773  1707  7507  0000
2327.00020:   0000  0000  0200  0200  1200  0211  7607  5372
2327.00030:   6203  0240  1505  7605  1417  0104  0000  0000
2327.00040:   0035  7610  5046  0004  0034  7777  6203  5450
2327.00050:   1005  1560  0000  0000  7777  7200  0070  4000
2327.00060:   3700  2020  0312  0503  0400  1603  0352  0340
2327.00070:   0603  0600  0434  0067  6003  0244  0100  0336
2327.00100:   0334  7001  6670  0256  0215  0403  0010  1532
2327.00110:   0564  0527  0300  1600  7600  7402  7401  7403
2327.00120:   1460  7400  0526  0200  0007  7757  7764  7762
2327.00130:   0033  7761  7760  7756  7775  7745  0320  1000
2327.00140:   7744  1113  1400  1001  0652  0367  2326  0651
2327.00150:   1522  7410  0766  1450  0637  1551  0701  1163
2327.00160:   7740  0012  1327  0315  0777  1166  7605  7700
2327.00170:   0330  7607  0077  7772  7746  7776  0240  7000
2327.00200:   7300  7001  7430  5205  5201  7300  7501  7001
2327.00210:   7430  5777  7421  5201  3036  3037  1323  3044
2327.00220:   7240  3045  3043  1413  1324  7450  5223  1176
2327.00230:   7410  1413  3031  1031  1364  7450  5275  1175
2327.00240:   7100  1363  7620  5252  1365  1031  7120  1174
2327.00250:   7620  5302  1043  1173  7700  5231  1043  7110
2327.00260:   1044  3040  1031  0172  7430  5271  7006  7006
2327.00270:   7006  1440  3440  2043  5231  2045  5302  2044
2327.00300:   1366  5222  1043  7640  2211  5611  4000  4571
2327.00310:   0200  1000  0000  5003  5706  4330  7700  0000
2327.00320:   4570  1617  0000  0034  7540  4340  2330  7410
2327.00330:   0000  7200  1730  7440  5325  6041  5335  5433
2327.00340:   0000  3031  1031  7012  7012  7012  4352  1031
2327.00350:   4352  5740  0000  0172  7450  5752  1176  0172
2327.00360:   1176  4423  5752  7766  7522  7477  0004  4571
2327.00370:   0610  0000  0013  5003  7240  6211  3567  0600

2330.00000:   0310  0530  4543  6564  0002  0143  5363  6000
2330.00010:   0201  2351  4300  0425  6054  5143  4164  4500
2330.00020:   0217  5764  0003  0314  0003  1715  2001  6200
2330.00030:   0317  1560  5154  0003  1720  7100  1505  1557
2330.00040:   6271  0003  2205  0164  4500  0322  0506  0004
2330.00050:   0164  4500  0405  1445  6445  0004  0541  0004
2330.00060:   1122  4543  6400  0504  5164  0010  0554  6000
2330.00070:   1411  1653  0015  0103  6200  1411  6364  0014
2330.00100:   1741  4400  1501  1345  0015  0120  0015  2516
2330.00110:   0700  2001  1400  2022  1156  6400  2025  5643
2330.00120:   5000  2205  1641  5545  0022  0523  0003  0156
2330.00130:   4345  5400  2305  2400  2313  5160  0023  2165
2330.00140:   5163  5000  2325  4255  5164  0024  0543  5700
2330.00150:   2431  6045  0022  0521  6500  2165  4565  4500
2330.00160:   2501  0025  0200  2503  0026  0562  0032  0522
2330.00170:   1700  4000  0000  0000  0000  0000  0000  0000
2330.00200:   7300  7421  6203  5777  5214  1376  3033  1022
2330.00210:   3236  4256  7710  5775  1374  3773  6212  4636
2330.00220:   0010  7201  6212  4772  0002  0143  7741  5246
2330.00230:   7201  1225  3236  4771  2711  2000  0144  5246
2330.00240:   6213  5635  0303  1400  0000  2326  7610  5776
2330.00250:   4770  1617  4003  0314  4100  0000  0612  1367
2330.00260:   3201  2201  1601  1366  7650  5261  4331  5323
2330.00270:   5301  1601  1365  7120  1373  7620  5314  4331
2330.00300:   5321  7041  1601  0364  2201  7650  5271  4331
2330.00310:   7410  5307  2200  5257  4331  5321  7200  2330
2330.00320:   5307  1200  7410  7240  6201  5656  0502  7777
2330.00330:   0000  0715  2327  5341  1726  7012  7012  7012
2330.00340:   5345  7240  3327  1726  2326  0363  3202  1202
2330.00350:   0351  7640  7240  3330  1202  7440  2331  0364
2330.00360:   5731  0000  0000  0077  0037  7477  7540  0777
2330.00370:   0330  7607  0200  7746  6003  1357  7605  7600

DUMP BYTE 2326-2330

2326.00000:   376  203  374  200  000  004  000  200  000  000  200  020
2326.00010:   200  000  022  073  000  070  001  074  030  052  005  052
2326.00020:   001  073  000  075  001  070  001  074  030  057  077  074
2326.00030:   021  052  001  103  077  006  000  106  000  073  000  074
2326.00040:   021  062  003  057  077  107  077  076  000  032  021  200
2326.00050:   200  200  200  200  200  200  200  232  000  000  000  000
2326.00060:   000  000  000  000  000  000  000  000  000  000  000  000
2326.00070:   000  000  000  000  000  000  000  000  000  000  000  000
2326.00100:   000  000  000  000  000  000  000  000  000  000  000  000
2326.00110:   000  000  000  000  000  000  000  000  000  000  000  000
2326.00120:   000  000  000  000  000  000  000  000  000  000  000  000
2326.00130:   000  000  000  000  000  000  000  000  000  000  000  000
2326.00140:   000  000  000  000  000  000  000  000  000  000  000  000
2326.00150:   000  000  000  000  000  000  000  000  000  000  000  000
2326.00160:   000  000  000  000  000  000  000  000  000  000  000  000
2326.00170:   000  000  000  000  000  000  000  000  000  000  000  000
2326.00200:   000  000  000  000  000  000  000  000  000  000  000  000
2326.00210:   000  000  000  000  000  000  000  000  000  000  000  000
2326.00220:   000  000  000  000  000  000  000  000  000  000  000  000
2326.00230:   000  000  000  000  000  000  000  000  000  000  000  000
2326.00240:   000  000  000  000  000  000  000  000  000  000  000  000
2326.00250:   000  000  000  000  000  000  000  000  000  000  000  000
2326.00260:   000  000  000  000  000  000  000  000  000  000  000  000
2326.00270:   000  000  000  000  000  000  000  000  000  000  000  000
2326.00300:   000  000  000  000  000  000  000  000  000  000  000  000
2326.00310:   000  000  000  000  000  000  000  000  000  000  000  000
2326.00320:   000  000  000  000  000  000  000  000  000  000  000  000
2326.00330:   000  000  000  000  000  000  000  000  000  000  000  000
2326.00340:   000  000  000  000  000  000  000  000  000  000  000  000
2326.00350:   000  000  000  000  000  000  000  000  000  000  000  000
2326.00360:   000  000  000  000  000  000  000  000  000  000  000  000
2326.00370:   000  000  000  000  000  000  000  000  000  000  000  000

2327.00000:   003  232  014  001  200  256  166  033  046  170  305  237
2327.00010:   222  322  103  000  004  002  373  307  363  107  000  360
2327.00020:   000  000  000  200  200  000  200  211  040  207  372  372
2327.00030:   203  240  300  105  205  077  017  104  060  000  000  000
2327.00040:   035  210  017  046  004  240  034  377  017  203  050  313
2327.00050:   005  160  043  000  000  000  377  200  376  070  000  010
2327.00060:   300  020  164  312  103  001  000  203  023  352  340  000
2327.00070:   203  200  021  034  067  020  003  244  300  100  336  000
2327.00100:   334  001  016  270  256  320  215  003  001  010  132  003
2327.00110:   164  127  021  300  200  003  200  002  377  001  003  377
2327.00120:   060  000  077  126  200  020  007  357  017  364  362  377
2327.00130:   033  361  017  360  356  377  375  345  377  320  000  002
2327.00140:   344  113  362  000  001  062  252  367  020  326  251  101
2327.00150:   122  010  077  366  050  023  237  151  023  301  163  022
2327.00160:   340  012  360  327  315  040  377  166  022  205  300  377
2327.00170:   330  207  017  077  372  017  346  376  377  240  000  016
2327.00200:   300  001  356  030  205  372  201  300  256  101  001  376
2327.00210:   030  377  373  021  201  372  036  037  146  323  044  046
2327.00220:   240  045  346  043  013  143  324  050  057  223  176  242
2327.00230:   010  013  363  031  031  142  364  050  057  275  175  242
2327.00240:   100  363  342  220  252  372  365  031  042  120  174  342
2327.00250:   220  302  372  043  173  042  300  231  372  043  110  056
2327.00260:   044  040  046  031  172  040  030  271  372  006  006  356
2327.00270:   006  040  343  040  043  164  231  045  244  302  044  244
2327.00300:   366  222  052  043  240  057  211  211  113  000  171  211
2327.00310:   200  000  002  000  003  012  306  330  270  300  000  360
2327.00320:   170  217  223  000  034  000  140  340  370  330  010  117
2327.00330:   000  200  016  330  040  077  325  041  254  335  033  253
2327.00340:   000  031  006  031  012  056  012  012  356  352  031  202
2327.00350:   352  340  213  000  172  000  050  352  373  176  172  040
2327.00360:   176  023  051  352  366  277  122  077  377  004  171  011
2327.00370:   210  000  020  013  003  012  240  211  354  167  200  161

2330.00000:   310  130  001  143  164  235  002  143  000  363  000  254
2330.00010:   201  351  004  300  025  201  054  143  312  164  100  211
2330.00020:   217  364  013  003  314  000  003  315  003  001  200  114
2330.00030:   317  160  003  154  003  240  320  100  076  105  157  063
2330.00040:   271  003  300  205  164  100  100  322  220  106  004  020
2330.00050:   164  100  011  005  045  023  045  004  320  141  004  020
2330.00060:   122  143  051  000  104  321  164  010  240  154  000  034
2330.00070:   011  253  063  015  103  000  200  011  303  364  014  300
2330.00100:   341  000  071  101  345  062  015  120  000  015  116  005
2330.00110:   300  001  024  000  022  064  156  000  055  025  243  113
2330.00120:   000  205  244  241  145  073  022  123  001  003  156  000
2330.00130:   345  000  213  305  000  105  313  160  112  023  165  004
2330.00140:   163  000  252  325  255  110  164  024  240  143  300  033
2330.00150:   031  045  134  022  121  001  100  165  324  165  100  231
2330.00160:   101  025  120  200  103  005  026  162  001  032  122  001
2330.00170:   300  000  070  000  000  000  000  000  000  000  000  000
2330.00200:   300  021  357  203  377  313  214  376  242  033  022  142
2330.00210:   236  256  150  310  375  373  374  373  047  212  236  311
2330.00220:   010  201  016  212  372  311  002  143  000  341  246  372
2330.00230:   201  225  342  236  371  151  311  000  124  144  246  012
2330.00240:   213  235  313  303  000  003  000  326  004  210  376  373
2330.00250:   370  217  223  003  314  200  100  000  200  212  367  022
2330.00260:   201  201  144  201  366  062  250  261  372  331  323  212
2330.00270:   301  201  243  365  120  056  373  220  057  314  331  250
2330.00300:   321  041  256  201  364  060  201  250  117  271  331  250
2330.00310:   010  307  372  200  257  112  331  321  212  200  330  344
2330.00320:   307  200  242  010  240  376  201  256  313  102  377  037
2330.00330:   000  315  001  327  341  112  326  012  076  012  012  356
2330.00340:   345  240  256  327  326  143  326  363  100  202  202  142
2330.00350:   351  240  017  240  330  346  202  040  057  331  364  100
2330.00360:   331  000  260  000  077  000  037  077  017  140  377  361
2330.00370:   330  207  017  200  346  017  003  357  302  205  200  377
