.R FUTIL

SET DEVICE DSK
FILE E1C7.BN
E1C7.BN    4153-4153  0001 (0001)  3.247
DUMP BYTE 4153

4153.00000:   200  200  200  200  200  200  200  200  102  000  300  102
4153.00010:   000  102  000  073  000  074  021  070  001  074  030  052
4153.00020:   006  052  002  073  000  075  001  070  001  074  030  052
4153.00030:   015  074  021  052  002  062  003  057  077  103  077  076
4153.00040:   000  025  020  200  200  200  200  200  200  200  200  232
4153.00050:   000  000  000  000  000  000  000  000  000  000  000  000
4153.00060:   000  000  000  000  000  000  000  000  000  000  000  000
4153.00070:   000  000  000  000  000  000  000  000  000  000  000  000
4153.00100:   000  000  000  000  000  000  000  000  000  000  000  000
4153.00110:   000  000  000  000  000  000  000  000  000  000  000  000
4153.00120:   000  000  000  000  000  000  000  000  000  000  000  000
4153.00130:   000  000  000  000  000  000  000  000  000  000  000  000
4153.00140:   000  000  000  000  000  000  000  000  000  000  000  000
4153.00150:   000  000  000  000  000  000  000  000  000  000  000  000
4153.00160:   000  000  000  000  000  000  000  000  000  000  000  000
4153.00170:   000  000  000  000  000  000  000  000  000  000  000  000
4153.00200:   000  000  000  000  000  000  000  000  000  000  000  000
4153.00210:   000  000  000  000  000  000  000  000  000  000  000  000
4153.00220:   000  000  000  000  000  000  000  000  000  000  000  000
4153.00230:   000  000  000  000  000  000  000  000  000  000  000  000
4153.00240:   000  000  000  000  000  000  000  000  000  000  000  000
4153.00250:   000  000  000  000  000  000  000  000  000  000  000  000
4153.00260:   000  000  000  000  000  000  000  000  000  000  000  000
4153.00270:   000  000  000  000  000  000  000  000  000  000  000  000
4153.00300:   000  000  000  000  000  000  000  000  000  000  000  000
4153.00310:   000  000  000  000  000  000  000  000  000  000  000  000
4153.00320:   000  000  000  000  000  000  000  000  000  000  000  000
4153.00330:   000  000  000  000  000  000  000  000  000  000  000  000
4153.00340:   000  000  000  000  000  000  000  000  000  000  000  000
4153.00350:   000  000  000  000  000  000  000  000  000  000  000  000
4153.00360:   000  000  000  000  000  000  000  000  000  000  000  000
4153.00370:   000  000  000  000  000  000  000  000  000  000  000  000

EXIT

.
