.R FUTIL

SET DEVICE DSK
FILE E1C7.PA
E1C7.PA    4151-4152  0002 (0002)  3.241
DUMP ASCII 4151-4152

4151.00000:   /
/ DP8 ORBOK
/
4151.00020:   HATE 7/EXRCSE1

4151.00040:   / AL ASEBL
 JRE
4151.00060:   Y ASIN/VESIN .0
4151.00100:   JUY , 02


4151.00120:    FEL 0     *000
4151.00140:   //GOL:UNERTAD
4151.00160:   HEBNFIE ORAT
        C
4151.00200:   A LL
        ML      /CEA A
4151.00220:   , , Q
TO,     AC      /NC
4151.00240:   EMNTAC    ZL      /NCEM
4151.00260:   NTMQIFACOVRLAD

4151.00300:   JM        MIN
JM      TP


4151.00320:   MQNC      CA LL   /C  L
4151.00340:   AR AL S T HI PIN
4151.00360:
MQ              PUL Q NT E

4152.00000:   PT A
IA                      ZL
4152.00020:   MPOSRE    /ETRNTOOS
4152.00040:   8 F Q VELODS      QL
4152.00060:     /US BCKINO Q,CL
4152.00100:   ARAC      MPTO    /TAT
4152.00120:   NCEMNTNGACAGIN
4152.00140:   O8RT,CI CF
JM
4152.00160:    I(700    /ETRNTOOS
4152.00200:   8
$
^L^Z^@^@^@^@^@^@^@^@^@^@
4152.00220:   ^@^@^@^@^@^@^@^@^@^@^@^@^@^@^@^@
4152.00240:   ^@^@^@^@^@^@^@^@^@^@^@^@^@^@^@^@
4152.00260:   ^@^@^@^@^@^@^@^@^@^@^@^@^@^@^@^@
4152.00300:   ^@^@^@^@^@^@^@^@^@^@^@^@^@^@^@^@
4152.00320:   ^@^@^@^@^@^@^@^@^@^@^@^@^@^@^@^@
4152.00340:   ^@^@^@^@^@^@^@^@^@^@^@^@^@^@^@^@
4152.00360:   ^@^@^@^@^@^@^@^@^@^@^@^@^@^@^@^@

DUMP OCTAL 4151-4152

4151.00000:   4257  5215  6657  0240  5304  6720  6670  3640
4151.00010:   6317  5722  6302  7717  4313  5215  6257  1640
4151.00020:   6710  0301  6724  1305  4240  6667  5212  0257
4151.00030:   6305  2730  6322  4703  5323  0305  4261  5215
4151.00040:   6657  0240  5701  4314  6640  1701  6323  6705
4151.00050:   6702  4714  5215  7612  6240  2712  6322  6705
4151.00060:   6731  0240  6701  2323  4311  6716  5212  0257
4151.00070:   6726  1305  6323  7711  5716  0640  5256  0260
4151.00100:   6312  6325  5731  1240  5654  1240  5660  3262
4151.00110:   5215  7612  5215  0212  5240  0240  5240  0240
4151.00120:   6240  4706  6305  2314  4240  6660  5212  0240
4151.00130:   5240  0240  5240  0240  5652  1260  4260  6660
4151.00140:   4212  6657  5212  0257  6307  0717  5314  0272
4151.00150:   6325  2316  6705  1722  6324  7301  6704  2240
4151.00160:   5310  0305  5302  0316  6306  6311  6305  3240
4151.00170:   6317  6722  4301  6724  4212  5215  6211  6303
4151.00200:   6301  1640  4314  4714  4211  5215  6611  0715
4151.00210:   4314  4611  6257  6303  6705  1301  6240  1701
4151.00220:   6254  6240  6254  6640  4321  5215  6724  0317
4151.00230:   6254  4611  4301  4703  6211  4657  6716  1303
4151.00240:   6305  2715  5316  0324  4301  6703  6612  1611
4151.00250:   4332  4714  6211  4657  6716  1303  6305  2715
4151.00260:   5316  0324  5315  0321  5311  0306  5301  0303
4151.00270:   6317  2726  6322  7714  6701  1704  4215  4612
4151.00300:   6712  0315  6611  0715  6311  1716  4215  4612
4151.00310:   6712  0315  6211  7724  4320  5215  4211  5215
4151.00320:   6315  4721  5316  6303  6211  6303  6301  1640
4151.00330:   4314  4714  6211  0657  5303  3240  5240  0314
4151.00340:   6301  2722  6240  6301  5714  0640  6323  0640
4151.00350:   6724  2240  6710  1711  6240  7720  6711  2316
4151.00360:   4215  4612  6315  0721  5211  7611  6320  6325
4151.00370:   6314  6640  6321  4640  6316  7724  6240  6705

4152.00000:   6720  4724  6240  1701  4215  4612  6311  1701
4152.00010:   4211  6611  6612  1611  4332  6714  6212  5211
4152.00020:   4315  4720  5717  4323  6722  2305  6611  1257
4152.00030:   6705  2724  5322  0316  5324  0317  5317  7723
4152.00040:   6270  4640  6306  6640  6321  7640  6726  1305
4152.00050:   6314  0717  4304  6723  6212  6611  4321  4714
4152.00060:   6611  0257  6325  4323  6240  0702  5303  0313
4152.00070:   6711  2316  6317  6640  5321  0254  6303  2714
4152.00100:   5301  0322  4301  6703  6212  5211  4315  4720
4152.00110:   6724  0317  6611  1657  6724  1301  6324  4640
4152.00120:   6716  1303  6305  2715  6316  4724  5316  0307
4152.00130:   5301  0303  6301  0707  4311  6716  4212  6611
4152.00140:   6612  1717  6270  2722  4324  4654  6303  3311
4152.00150:   6240  2303  5706  0240  4215  4612  6712  0315
4152.00160:   4240  4711  5650  3267  5260  4660  6611  1257
4152.00170:   6705  2724  5322  0316  5324  0317  5317  7723
4152.00200:   4270  5215  4244  5215  0214  0232  0000  0000
4152.00210:   0000  0000  0000  0000  0000  0000  0000  0000
4152.00220:   0000  0000  0000  0000  0000  0000  0000  0000
4152.00230:   0000  0000  0000  0000  0000  0000  0000  0000
4152.00240:   0000  0000  0000  0000  0000  0000  0000  0000
4152.00250:   0000  0000  0000  0000  0000  0000  0000  0000
4152.00260:   0000  0000  0000  0000  0000  0000  0000  0000
4152.00270:   0000  0000  0000  0000  0000  0000  0000  0000
4152.00300:   0000  0000  0000  0000  0000  0000  0000  0000
4152.00310:   0000  0000  0000  0000  0000  0000  0000  0000
4152.00320:   0000  0000  0000  0000  0000  0000  0000  0000
4152.00330:   0000  0000  0000  0000  0000  0000  0000  0000
4152.00340:   0000  0000  0000  0000  0000  0000  0000  0000
4152.00350:   0000  0000  0000  0000  0000  0000  0000  0000
4152.00360:   0000  0000  0000  0000  0000  0000  0000  0000
4152.00370:   0000  0000  0000  0000  0000  0000  0000  0000

DUMP BYTE 4151-4152

4151.00000:   257  215  212  257  240  320  304  320  255  270  240  327
4151.00010:   317  322  313  302  317  317  313  215  212  257  240  303
4151.00020:   310  301  320  324  305  322  240  267  215  212  257  240
4151.00030:   305  330  305  322  303  311  323  305  240  261  215  212
4151.00040:   257  240  320  301  314  270  240  301  323  323  305  315
4151.00050:   302  314  331  215  212  257  240  312  305  322  305  315
4151.00060:   331  240  320  301  323  324  311  316  215  212  257  240
4151.00070:   326  305  322  323  311  317  316  240  261  256  260  240
4151.00100:   312  325  314  331  240  262  254  240  262  260  262  266
4151.00110:   215  212  257  215  212  240  240  240  240  240  240  240
4151.00120:   240  306  311  305  314  304  240  260  215  212  240  240
4151.00130:   240  240  240  240  240  240  252  260  262  260  260  215
4151.00140:   212  257  215  212  257  240  307  317  301  314  272  240
4151.00150:   325  316  304  305  322  323  324  301  316  304  240  324
4151.00160:   310  305  240  302  316  240  306  311  314  305  240  306
4151.00170:   317  322  315  301  324  215  212  215  212  211  303  314
4151.00200:   301  240  303  314  314  211  211  215  212  211  315  321
4151.00210:   314  211  211  257  303  314  305  301  322  240  301  303
4151.00220:   254  240  314  254  240  315  321  215  212  324  317  320
4151.00230:   254  211  311  301  303  211  211  257  311  316  303  322
4151.00240:   305  315  305  316  324  240  301  303  215  212  211  323
4151.00250:   332  314  211  211  257  311  316  303  322  305  315  305
4151.00260:   316  324  240  315  321  240  311  306  240  301  303  240
4151.00270:   317  326  305  322  314  317  301  304  323  215  212  211
4151.00300:   312  315  320  211  315  321  311  316  303  215  212  211
4151.00310:   312  315  320  211  324  317  320  215  212  211  215  212
4151.00320:   315  321  311  316  303  254  211  303  314  301  240  303
4151.00330:   314  314  211  211  257  301  303  240  246  240  314  240
4151.00340:   301  322  305  240  301  314  314  240  261  323  240  301
4151.00350:   324  240  324  310  311  323  240  320  317  311  316  324
4151.00360:   215  212  211  315  321  301  211  211  257  320  325  314
4151.00370:   314  240  315  321  240  311  316  324  317  240  305  315

4152.00000:   320  324  331  240  301  303  215  212  211  311  301  303
4152.00010:   211  211  215  212  211  323  332  314  215  212  211  312
4152.00020:   315  320  211  317  323  270  322  305  324  211  257  322
4152.00030:   305  324  325  322  316  240  324  317  240  317  323  257
4152.00040:   270  240  311  306  240  315  321  240  317  326  305  322
4152.00050:   314  317  301  304  323  215  212  211  315  321  314  211
4152.00060:   211  257  320  325  323  310  240  302  301  303  313  240
4152.00070:   311  316  324  317  240  315  321  254  240  303  314  305
4152.00100:   301  322  240  301  303  215  212  211  312  315  320  211
4152.00110:   324  317  320  211  257  323  324  301  322  324  240  311
4152.00120:   316  303  322  305  315  305  316  324  311  316  307  240
4152.00130:   301  303  240  301  307  301  311  316  215  212  211  215
4152.00140:   212  317  323  270  322  305  324  254  211  303  311  306
4152.00150:   240  303  304  306  240  260  215  212  211  312  315  320
4152.00160:   240  311  211  250  267  266  260  260  251  211  257  322
4152.00170:   305  324  325  322  316  240  324  317  240  317  323  257
4152.00200:   270  215  212  244  215  212  214  232  000  000  000  000
4152.00210:   000  000  000  000  000  000  000  000  000  000  000  000
4152.00220:   000  000  000  000  000  000  000  000  000  000  000  000
4152.00230:   000  000  000  000  000  000  000  000  000  000  000  000
4152.00240:   000  000  000  000  000  000  000  000  000  000  000  000
4152.00250:   000  000  000  000  000  000  000  000  000  000  000  000
4152.00260:   000  000  000  000  000  000  000  000  000  000  000  000
4152.00270:   000  000  000  000  000  000  000  000  000  000  000  000
4152.00300:   000  000  000  000  000  000  000  000  000  000  000  000
4152.00310:   000  000  000  000  000  000  000  000  000  000  000  000
4152.00320:   000  000  000  000  000  000  000  000  000  000  000  000
4152.00330:   000  000  000  000  000  000  000  000  000  000  000  000
4152.00340:   000  000  000  000  000  000  000  000  000  000  000  000
4152.00350:   000  000  000  000  000  000  000  000  000  000  000  000
4152.00360:   000  000  000  000  000  000  000  000  000  000  000  000
4152.00370:   000  000  000  000  000  000  000  000  000  000  000  000

DUMP OS 4151-4152

4151.00000:   /
/ PDP-8 WORKBOOK
/ C
4151.00020:   HAPTER 7
/ EXERCISE 1

4151.00040:   / PAL8 ASSEMBLY
/ JEREM
4151.00060:   Y PASTIN
/ VERSION 1.0
4151.00100:   JULY 2, 2026
/

4151.00120:    FIELD 0
        *0200

4151.00140:   /
/ GOAL: UNDERSTAND T
4151.00160:   HE BN FILE FORMAT

        CL
4151.00200:   A CLL
        MQL             /CLEAR AC
4151.00220:   , L, MQ
TOP,    IAC             /INCR
4151.00240:   EMENT AC
        SZL             /INCREME
4151.00260:   NT MQ IF AC OVERLOADS

4151.00300:   JMP       MQINC
        JMP     TOP


4151.00320:   MQINC,    CLA CLL         /AC & L
4151.00340:   ARE ALL 1S AT THIS POINT
4151.00360:
        MQA             /PULL MQ INTO EM

4152.00000:   PTY AC
        IAC
        SZL
        J
4152.00020:   MP        OS8RET  /RETURN TO OS/
4152.00040:   8 IF MQ OVERLOADS
        MQL
4152.00060:     /PUSH BACK INTO MQ, CLE
4152.00100:   AR AC
        JMP     TOP     /START I
4152.00120:   NCREMENTING AC AGAIN


4152.00140:   OS8RET,   CIF CDF 0
        JMP
4152.00160:    I        (7600)  /RETURN TO OS/
4152.00200:   8
$
^L^Z^@^@^@^@^@^@^@^@^@^@^@^@^@^@^@^@
4152.00220:   ^@^@^@^@^@^@^@^@^@^@^@^@^@^@^@^@^@^@^@^@^@^@^@^@
4152.00240:   ^@^@^@^@^@^@^@^@^@^@^@^@^@^@^@^@^@^@^@^@^@^@^@^@
4152.00260:   ^@^@^@^@^@^@^@^@^@^@^@^@^@^@^@^@^@^@^@^@^@^@^@^@
4152.00300:   ^@^@^@^@^@^@^@^@^@^@^@^@^@^@^@^@^@^@^@^@^@^@^@^@
4152.00320:   ^@^@^@^@^@^@^@^@^@^@^@^@^@^@^@^@^@^@^@^@^@^@^@^@
4152.00340:   ^@^@^@^@^@^@^@^@^@^@^@^@^@^@^@^@^@^@^@^@^@^@^@^@
4152.00360:   ^@^@^@^@^@^@^@^@^@^@^@^@^@^@^@^@^@^@^@^@^@^@^@^@


EXIT

