200	Leader
200	Leader
200	Leader
200	Leader
200	Leader
200	Leader
200	Leader
200	Leader
102	Origin	 0200
000
300	Field	 0
102	Origin	 200
000
102	Origin	 200
000
073		 7300
000
074		 7421
021
070		 7001
001
074		 7430
030
052		 5206
006
052		 5202
002
073		 7300
000
075		 7501
001
070		 7001
001
074		 7430
030
052		 5215
015
074		 7421
021
052		 5202
002
062		 6203
003
057		 5777
077
103	Origin	 0377
077
076		 7600
000
025	Checksum 2520
020
200	Trailer
200	Trailer
200	Trailer
200	Trailer
200	Trailer
200	Trailer
200	Trailer
200	Trailer
232	EOF
000
000
000
000
000
000
000
000
000
000
000
000
