4153.00000:   4200  0200  4200  0200  2200  1200  2000  1300
4153.00010:   0000  0102  1473  6000  0021  0470  1074  5030
4153.00020:   0006  1052  1473  6400  0001  0470  1074  5030
4153.00030:   0415  0474  1452  1002  1403  7457  1503  7077
4153.00040:   0400  0025  4200  0200  4200  0200  4600  5200
4153.00050:   0000  0000  0000  0000  0000  0000  0000  0000
4153.00060:   0000  0000  0000  0000  0000  0000  0000  0000
4153.00070:   0000  0000  0000  0000  0000  0000  0000  0000
4153.00100:   0000  0000  0000  0000  0000  0000  0000  0000
4153.00110:   0000  0000  0000  0000  0000  0000  0000  0000
4153.00120:   0000  0000  0000  0000  0000  0000  0000  0000
4153.00130:   0000  0000  0000  0000  0000  0000  0000  0000
4153.00140:   0000  0000  0000  0000  0000  0000  0000  0000
4153.00150:   0000  0000  0000  0000  0000  0000  0000  0000
4153.00160:   0000  0000  0000  0000  0000  0000  0000  0000
4153.00170:   0000  0000  0000  0000  0000  0000  0000  0000
4153.00200:   0000  0000  0000  0000  0000  0000  0000  0000
4153.00210:   0000  0000  0000  0000  0000  0000  0000  0000
4153.00220:   0000  0000  0000  0000  0000  0000  0000  0000
4153.00230:   0000  0000  0000  0000  0000  0000  0000  0000
4153.00240:   0000  0000  0000  0000  0000  0000  0000  0000
4153.00250:   0000  0000  0000  0000  0000  0000  0000  0000
4153.00260:   0000  0000  0000  0000  0000  0000  0000  0000
4153.00270:   0000  0000  0000  0000  0000  0000  0000  0000
4153.00300:   0000  0000  0000  0000  0000  0000  0000  0000
4153.00310:   0000  0000  0000  0000  0000  0000  0000  0000
4153.00320:   0000  0000  0000  0000  0000  0000  0000  0000
4153.00330:   0000  0000  0000  0000  0000  0000  0000  0000
4153.00340:   0000  0000  0000  0000  0000  0000  0000  0000
4153.00350:   0000  0000  0000  0000  0000  0000  0000  0000
4153.00360:   0000  0000  0000  0000  0000  0000  0000  0000
4153.00370:   0000  0000  0000  0000  0000  0000  0000  0000